0.00484132	0.240842	0.203226	0.225445	0.37687	0.111438	0.404827	0.913463	0.440639	0.101641	0.510867	0.828344	0.853606	0.884574	0.608509	0.66822	0.577895	0.0278323	0.183229	0.285479	0.941362	0.107786	0.0354349	0.681308	0.869677	0.130719	0.894431	0.872016	0.57857	0.908241
0.00928413	0.812736	0.618204	0.627667	0.417133	0.0923659	0.235121	0.130898	0.100585	0.285502	0.168817	0.646072	0.653864	0.287327	0.0329115	0.984008	0.247859	0.975983	0.0409118	0.254726	0.987272	0.595455	0.364887	0.612369	0.917654	0.853847	0.145755	0.689945	0.259819	0.703678
0.0192825	0.756368	0.774367	0.936221	0.109664	0.231956	0.496173	0.68889	0.541441	0.499154	0.270834	0.909827	0.98296	0.542205	0.0908429	0.928055	0.516701	0.408221	0.391591	0.610263	0.754214	0.507498	0.0271237	0.588599	0.67543	0.239579	0.535189	0.924824	0.932416	0.0868046
0.0220918	0.201155	0.516768	0.489446	0.270276	0.644526	0.161533	0.114537	0.162621	0.813539	0.642857	0.217336	0.944903	0.827822	0.319869	0.235384	0.818215	0.752174	0.378881	0.320614	0.06245	0.506385	0.316219	0.874619	0.42546	0.47897	0.45295	0.607446	0.568897	0.530891
0.0321153	0.922722	0.771117	0.539779	0.0665032	0.363947	0.727976	0.995796	0.467443	0.0613353	0.324364	0.0928105	0.553065	0.942338	0.787715	0.974657	0.312214	0.676466	0.252971	0.7444	0.0230991	0.585951	0.0731947	0.992252	0.113715	0.681329	0.690454	0.0247942	0.893977	0.709688
0.0385181	0.535626	0.02249	0.134555	0.297032	0.138255	0.431821	0.263981	0.130539	0.34809	0.244788	0.488909	0.696204	0.818526	0.827892	0.795937	0.359948	0.301328	0.318746	0.114355	0.460741	0.445263	0.22806	0.345812	0.402599	0.494506	0.887241	0.712251	0.88805	0.246498
0.045029	0.541637	0.113944	0.208004	0.660812	0.592285	0.699639	0.723301	0.671634	0.522779	0.315198	0.313287	0.209569	0.128047	0.815613	0.937779	0.688477	0.271485	0.532103	0.847029	0.801021	0.119976	0.846961	0.918617	0.276716	0.101296	0.9835	0.861793	0.495894	0.961842
0.050529	0.469	0.5453	0.123789	0.259922	0.67635	0.46583	0.306064	0.461607	0.733137	0.0419592	0.89025	0.751709	0.199823	0.417712	0.724913	0.17347	0.337513	0.255046	0.902859	0.731817	0.162797	0.00334258	0.0599443	0.471106	0.970552	0.936569	0.905829	0.266473	0.665534
0.0560233	0.887486	0.314324	0.318389	0.276355	0.260107	0.273032	0.525299	0.022667	0.401877	0.875762	0.254072	0.741495	0.71623	0.14116	0.135525	0.523055	0.862748	0.625359	0.534239	0.281323	0.765967	0.519398	0.491544	0.268648	0.458414	0.434518	0.678213	0.925618	0.677786
0.0601417	0.601236	0.980257	0.626181	0.222851	0.682148	0.11419	0.636412	0.310467	0.560177	0.975515	0.878927	0.673669	0.731769	0.0679468	0.166618	0.232747	0.490807	0.192968	0.153472	0.911002	0.742469	0.346248	0.665277	0.572926	0.453074	0.986983	0.452106	0.0833475	0.387647
0.0667918	0.97166	0.425957	0.710884	0.249784	0.917281	0.812262	0.490068	0.0687112	0.627469	0.760568	0.376692	0.50545	0.644956	0.192778	0.0480545	0.53017	0.187226	0.889756	0.333385	0.0999758	0.737647	0.965047	0.0990921	0.161677	0.361279	0.0214276	0.70348	0.802448	0.396691
0.0797772	0.166115	0.412796	0.345472	0.499371	0.143017	0.289453	0.861234	0.245349	0.717086	0.993052	0.390456	0.561557	0.860421	0.321723	0.748212	0.635712	0.941078	0.136484	0.412586	0.993486	0.29964	0.0890943	0.779851	0.244621	0.54924	0.0450572	0.942283	0.710008	0.159133
0.0861113	0.189127	0.136012	0.0697145	0.545475	0.959208	0.443739	0.65231	0.752858	0.0481179	0.334225	0.186795	0.126703	0.611364	0.478335	0.821247	0.219042	0.566829	0.875959	0.85577	0.600735	0.682082	0.21444	0.741287	0.0289817	0.138215	0.56178	0.502246	0.778578	0.00817933
0.0877079	0.489364	0.270151	0.657532	0.698232	0.387474	0.862986	0.628089	0.146076	0.0763437	0.411582	0.562685	0.835758	0.0507142	0.71225	0.414012	0.763238	0.0112156	0.594127	0.931701	0.233194	0.88871	0.107014	0.328353	0.412103	0.168448	0.998704	0.0468291	0.20256	0.497612
0.097597	0.963463	0.00498522	0.362842	0.217096	0.419856	0.818214	0.508833	0.0402515	0.602183	0.388023	0.521333	0.397262	0.0549311	0.7405	0.465484	0.0918151	0.780248	0.627818	0.589301	0.204887	0.873576	0.434702	0.391445	0.720847	0.889754	0.176854	0.779658	0.404412	0.0283143
0.103937	0.692668	0.477189	0.408176	0.246254	0.161157	0.179007	0.555587	0.224806	0.31953	0.90051	0.53788	0.0418177	0.568088	0.340293	0.425817	0.910579	0.414738	0.294374	0.340013	0.558612	0.393654	0.600204	0.468123	0.216278	0.294742	0.498584	0.346984	0.517055	0.0607227
0.106784	0.148809	0.321466	0.152724	0.958848	0.847985	0.734027	0.85457	0.507483	0.683394	0.96893	0.859823	0.681121	0.879625	0.988401	0.953059	0.47178	0.755059	0.174984	0.58543	0.0311224	0.591784	0.10269	0.124653	0.493229	0.844514	0.906441	0.472876	0.117163	0.999698
0.117097	0.322228	0.941524	0.392837	0.330443	0.022322	0.40968	0.518364	0.00657861	0.460707	0.0785209	0.67647	0.963428	0.371493	0.463634	0.399462	0.501945	0.578796	0.548862	0.228725	0.749645	0.246681	0.0741293	0.130585	0.465727	0.247008	0.186034	0.826228	0.601564	0.968493
0.126462	0.658726	0.0920442	0.722288	0.952337	0.0753211	0.665111	0.409627	0.579356	0.278947	0.0266638	0.137314	0.90445	0.427168	0.541178	0.88881	0.411772	0.907086	0.607669	0.291437	0.681299	0.60674	0.993072	0.240231	0.395511	0.400024	0.19003	0.465914	0.448423	0.822132
0.132223	0.527971	0.929231	0.644139	0.400281	0.471062	0.857628	0.6123	0.715287	0.0579315	0.920247	0.869363	0.133543	0.201844	0.755441	0.678942	0.291404	0.647733	0.942897	0.220447	0.156658	0.676488	0.266063	0.103324	0.496957	0.0565871	0.672448	0.858596	0.195971	0.568733
0.138937	0.80361	0.0593339	0.108075	0.946291	0.0478058	0.0417995	0.823403	0.907763	0.473868	0.84612	0.118425	0.808598	0.0772777	0.563638	0.0782669	0.376536	0.372751	0.870755	0.266123	0.10796	0.712118	0.454655	0.486202	0.642894	0.637368	0.285488	0.663557	0.973662	0.303961
0.141596	0.685446	0.961281	0.783417	0.561008	0.0851989	0.0476931	0.0895023	0.018302	0.423421	0.223151	0.0433113	0.346335	0.650511	0.716102	0.220716	0.0703069	0.621597	0.990931	0.110248	0.0909511	0.468654	0.0448509	0.229379	0.647563	0.279632	0.152919	0.127336	0.997619	0.894597
0.150816	0.184273	0.734514	0.356101	0.823577	0.668651	0.0273621	0.684136	0.684941	0.0204653	0.663183	0.714631	0.478383	0.259048	0.760556	0.205621	0.382057	0.0150216	0.492179	0.0814325	0.581194	0.916174	0.887559	0.902575	0.875382	0.90199	0.965321	0.14215	0.141563	0.777443
0.157259	0.553412	0.250846	0.287297	0.723959	0.551712	0.15109	0.297501	0.865311	0.147939	0.564592	0.0826976	0.386406	0.103379	0.620321	0.264614	0.131711	0.24346	0.584309	0.532769	0.880401	0.900381	0.803758	0.233596	0.576106	0.647981	0.488278	0.0122837	0.79361	0.915964
0.164645	0.979686	0.693467	0.286502	0.652516	0.72515	0.795746	0.43671	0.212881	0.196536	0.859196	0.473869	0.411681	0.800286	0.837647	0.195914	0.260555	0.688067	0.152998	0.899307	0.170367	0.211785	0.304622	0.293583	0.341613	0.445965	0.416956	0.781868	0.55828	0.929372
0.171054	0.239463	0.443963	0.127759	0.119081	0.445141	0.531509	0.891426	0.353606	0.0190788	0.597481	0.249583	0.994964	0.49993	0.11474	0.756507	0.969676	0.89794	0.570846	0.620223	0.436025	0.704221	0.406649	0.366916	0.904301	0.535741	0.336799	0.254495	0.238673	0.146188
0.174536	0.304173	0.152366	0.669441	0.392168	0.183733	0.778179	0.850556	0.997972	0.688373	0.657608	0.439613	0.179127	0.720877	0.631725	0.491127	0.425791	0.91858	0.126008	0.401542	0.926159	0.789177	0.854151	0.252838	0.509708	0.241845	0.04935	0.575527	0.0372089	0.315132
0.183845	0.749457	0.702965	0.992796	0.679557	0.381447	0.0809759	0.749503	0.497574	0.845852	0.600025	0.00304704	0.273757	0.24445	0.405305	0.714361	0.0108522	0.280872	0.909184	0.682124	0.0542608	0.30598	0.72133	0.0245157	0.790966	0.383377	0.849654	0.722878	0.0171658	0.940067
0.19167	0.00576398	0.0650038	0.604587	0.00463541	0.300679	0.374822	0.834971	0.948992	0.48571	0.305588	0.484062	0.0214193	0.26531	0.236234	0.851668	0.625974	0.935166	0.705662	0.0909689	0.35775	0.101546	0.531371	0.287911	0.93744	0.161663	0.808867	0.42482	0.0691335	0.953686
0.199651	0.247015	0.103959	0.735776	0.929353	0.358978	0.096687	0.05307	0.288547	0.09231	0.53808	0.759429	0.0312073	0.433608	0.048344	0.875682	0.0421938	0.349565	0.493598	0.92253	0.662614	0.929853	0.752378	0.676325	0.0720782	0.216633	0.217252	0.759782	0.523813	0.363441
0.202962	0.629881	0.554783	0.0927964	0.463183	0.965571	0.435394	0.210354	0.173304	0.244481	0.69247	0.452745	0.971745	0.555013	0.870098	0.610261	0.238593	0.501372	0.0204491	0.462241	0.696094	0.77285	0.298226	0.819785	0.250947	0.777692	0.731008	0.0975315	0.05165	0.213026
0.212417	0.381567	0.295356	0.948712	0.80075	0.480085	0.314551	0.8152	0.50018	0.95074	0.433097	0.149478	0.444529	0.929934	0.861465	0.837442	0.0360725	0.392824	0.953423	0.273315	0.610742	0.45186	0.24533	0.601859	0.860685	0.620381	0.46576	0.9702	0.0581144	0.247355
0.216136	0.639358	0.375655	0.447459	0.162166	0.728931	0.827894	0.365585	0.558297	0.988026	0.723973	0.884742	0.87208	0.192591	0.229539	0.37624	0.601352	0.178208	0.064586	0.168071	0.705237	0.0820686	0.448883	0.567291	0.261015	0.424587	0.240005	0.00232616	0.151429	0.332963
0.221585	0.222674	0.417698	0.0234928	0.811285	0.755171	0.658744	0.740059	0.63281	0.161195	0.449761	0.503331	0.0705993	0.137264	0.962766	0.704784	0.54356	0.972361	0.963147	0.837729	0.123286	0.423519	0.680099	0.942846	0.855295	0.565787	0.279845	0.627034	0.737473	0.474614
0.230935	0.619035	0.714901	0.0950996	0.865427	0.279925	0.826077	0.202904	0.878252	0.0824099	0.379546	0.864901	0.188477	0.0150677	0.171086	0.900549	0.15819	0.83754	0.144747	0.372437	0.532118	0.521247	0.329787	0.186802	0.880663	0.324603	0.601658	0.626236	0.83382	0.683403
0.234391	0.393095	0.155373	0.914104	0.527889	0.174652	0.0197107	0.93297	0.37082	0.863845	0.673482	0.44237	0.319874	0.971175	0.201306	0.73185	0.705472	0.766354	0.260882	0.275623	0.571974	0.404508	0.12906	0.907536	0.978143	0.950407	0.236137	0.30547	0.271881	0.548112
0.240807	0.877264	0.0693118	0.800098	0.184449	0.6053	0.582242	0.332866	0.217704	0.291283	0.132186	0.0701298	0.0605894	0.750529	0.126303	0.91639	0.479184	0.518216	0.222022	0.788475	0.473608	0.540416	0.863951	0.501351	0.305286	0.0188891	0.596244	0.0312823	0.446456	0.812949
0.248349	0.359109	0.039033	0.822968	0.131932	0.866148	0.0676875	0.727529	0.0582301	0.915507	0.0566729	0.782178	0.642319	0.473845	0.0540181	0.970227	0.98909	0.257982	0.821758	0.514523	0.192623	0.920842	0.122329	0.0378034	0.927187	0.0524899	0.742961	0.246039	0.827857	0.168641
0.259954	0.270675	0.280536	0.701784	0.987658	0.189395	0.689744	0.615351	0.435699	0.298678	0.500852	0.0577301	0.432338	0.451635	0.337871	0.331208	0.134331	0.0669988	0.847734	0.423017	0.959003	0.418772	0.555252	0.979208	0.809534	0.831892	0.573818	0.398689	0.286287	0.377563
0.260517	0.732204	0.394181	0.929117	0.907802	0.119197	0.596529	0.984026	0.0941126	0.512565	0.396105	0.507539	0.929816	0.483532	0.858785	0.30691	0.736112	0.493737	0.772763	0.948767	0.693166	0.560703	0.339372	0.443985	0.743631	0.302481	0.110336	0.997237	0.485771	0.17494
0.270274	0.440076	0.310984	0.540115	0.092086	0.656966	0.892219	0.358047	0.387261	0.146142	0.623244	0.273049	0.804726	0.11978	0.603883	0.286671	0.564463	0.722124	0.102017	0.148312	0.077767	0.0612845	0.175114	0.865218	0.608637	0.118644	0.346176	0.798998	0.476545	0.624214
0.274218	0.0741312	0.720331	0.806949	0.57063	0.894144	0.036965	0.340767	0.123068	0.922051	0.0524108	0.333622	0.424784	0.180054	0.467928	0.907238	0.656767	0.992617	0.923857	0.673481	0.160265	0.991018	0.578637	0.882209	0.0956403	0.73296	0.00633487	0.548679	0.583386	0.639375
0.283065	0.412161	0.789894	0.842963	0.140094	0.908466	0.457865	0.89377	0.840182	0.578698	0.631505	0.622699	0.884928	0.794103	0.556864	0.450843	0.0238333	0.290901	0.282323	0.88655	0.548813	0.351706	0.560648	0.731162	0.615572	0.998852	0.370015	0.649035	0.633673	0.446122
0.292127	0.706936	0.384943	0.468374	0.433828	0.888557	0.899141	0.172976	0.613463	0.381675	0.514152	0.769927	0.989572	0.536062	0.997591	0.0257344	0.975372	0.706533	0.167832	0.485466	0.431817	0.048032	0.945721	0.791911	0.226385	0.0466511	0.977885	0.595346	0.90493	0.370408
0.295439	0.701133	0.0456539	0.976391	0.0124202	0.215431	0.242449	0.197064	0.978207	0.583671	0.0275547	0.930283	0.347855	0.409573	0.98251	0.151926	0.0568634	0.140167	0.574753	0.359918	0.310333	0.836198	0.762182	0.828919	0.452136	0.319585	0.361358	0.382284	0.122427	0.35141
0.306315	0.146212	0.933469	0.753042	0.763839	0.795234	0.910219	0.696222	0.771269	0.533637	0.0167673	0.800683	0.799288	0.510435	0.0967286	0.446254	0.539688	0.893097	0.312162	0.00694409	0.321087	0.962271	0.776989	0.858685	0.127527	0.975387	0.54364	0.588303	0.182318	0.353758
0.313266	0.311691	0.673486	0.714374	0.640593	0.612599	0.0746469	0.70673	0.230884	0.875146	0.545062	0.220765	0.918992	0.673296	0.802918	0.583677	0.393439	0.731834	0.38311	0.773452	0.443651	0.154013	0.733359	0.984469	0.427482	0.927794	0.505015	0.0190789	0.298858	0.336627
0.313848	0.294251	0.894858	0.0803307	0.292412	0.598656	0.770659	0.0562391	0.148487	0.942659	0.330598	0.918972	0.387037	0.120604	0.694868	0.454738	0.723623	0.932433	0.948861	0.235768	0.894114	0.277965	0.48061	0.839278	0.184321	0.864074	0.835933	0.36241	0.189343	0.0456034
0.323585	0.871973	0.85149	0.675683	0.353723	0.1031	0.591166	0.963236	0.621637	0.437308	0.466468	0.72659	0.105596	0.314364	0.427279	0.40588	0.0634158	0.44024	0.443706	0.162645	0.0337147	0.947222	0.259827	0.925022	0.0844763	0.756835	0.0825137	0.741512	0.766028	0.0358188
0.329287	0.211174	0.522134	0.464596	0.48038	0.476027	0.957991	0.27876	0.516622	0.205193	0.310517	0.0110337	0.180958	0.858446	0.537933	0.680998	0.0793806	0.263898	0.165195	0.317176	0.0128652	0.831197	0.0196656	0.220126	0.762493	0.540168	0.0301668	0.414001	0.00258631	0.275784
0.338383	0.588208	0.336736	0.168989	0.0262447	0.377967	0.624716	0.951903	0.0320048	0.61903	0.755817	0.548853	0.53771	0.990985	0.411566	0.350897	0.101634	0.69636	0.732433	0.523448	0.346423	0.488148	0.640013	0.890949	0.366843	0.196455	0.170053	0.434624	0.212658	0.606685
0.341129	0.133314	0.363032	0.497091	0.778937	0.948116	0.233232	0.152734	0.732771	0.270247	0.908337	0.368064	0.667692	0.979209	0.637917	0.467793	0.931922	0.814968	0.545373	0.692774	0.314604	0.818704	0.522765	0.065855	0.323934	0.370129	0.37543	0.554117	0.729135	0.0832223
0.352064	0.168422	0.871139	0.394795	0.636143	0.627573	0.904462	0.389839	0.375251	0.64828	0.440828	0.0376235	0.939759	0.166681	0.614877	0.100877	0.925424	0.659453	0.914919	0.634221	0.150032	0.697331	0.879634	0.722807	0.0354358	0.19212	0.32679	0.885632	0.655018	0.855478
0.35819	0.257009	0.845351	0.776078	0.546896	0.343356	0.126314	0.03748	0.753503	0.325003	0.733157	0.957317	0.446735	0.636944	0.596948	0.357564	0.493143	0.00173684	0.452177	0.577879	0.259186	0.0400465	0.201042	0.117524	0.535144	0.282386	0.262035	0.764632	0.492468	0.102715
0.363579	0.0892459	0.5918	0.584204	0.525285	0.148896	0.921912	0.734082	0.638128	0.133109	0.358937	0.556303	0.484577	0.024404	0.226297	0.180053	0.801565	0.12448	0.691247	0.936302	0.304099	0.149855	0.0101736	0.801211	0.826058	0.690472	0.393028	0.356399	0.959959	0.617998
0.368742	0.42252	0.48852	0.594014	0.492557	0.936176	0.0559544	0.419374	0.133642	0.306464	0.455514	0.365767	0.254919	0.689166	0.739261	0.830478	0.107784	0.162707	0.209671	0.475278	0.974399	0.661937	0.508486	0.111481	0.0408994	0.742633	0.857977	0.0919491	0.387815	0.343336
0.37452	0.607423	0.954852	0.273346	0.586551	0.30727	0.0612174	0.465042	0.812907	0.221498	0.252055	0.845204	0.631422	0.147168	0.785214	0.390427	0.650492	0.793523	0.411025	0.219918	0.210043	0.237159	0.504106	0.175452	0.752628	0.849431	0.697458	0.682275	0.0899238	0.404465
0.381027	0.901447	0.431925	0.320437	0.899723	0.249876	0.143054	0.287301	0.8574	0.806895	0.011345	0.328447	0.374624	0.286568	0.446071	0.869435	0.846463	0.222009	0.20288	0.739829	0.98368	0.567379	0.135782	0.643902	0.818351	0.148968	0.469089	0.100584	0.433099	0.86196
0.390496	0.0259425	0.181375	0.48545	0.828549	0.558208	0.986764	0.443816	0.972584	0.976176	0.402302	0.80763	0.769896	0.685861	0.570353	0.593965	0.294861	0.430359	0.807659	0.618182	0.23961	0.858645	0.141418	0.143433	0.691471	0.676829	0.943829	0.194385	0.098506	0.801598
0.394179	0.139264	0.357971	0.369894	0.745115	0.779624	0.720622	0.675918	0.282174	0.739326	0.47722	0.629439	0.567207	0.0385651	0.378285	0.576971	0.941802	0.603124	0.71749	0.194412	0.469569	0.723476	0.323365	0.360458	0.213042	0.111682	0.0727525	0.751224	0.355281	0.751565
0.401257	0.343816	0.63879	0.792491	0.158133	0.541124	0.517019	0.393727	0.303434	0.599416	0.347055	0.99942	0.541113	0.924636	0.795504	0.995039	0.808065	0.807754	0.28669	0.710036	0.651392	0.379207	0.655902	0.478663	0.379224	0.093655	0.845896	0.888563	0.66221	0.507534
0.412498	0.699937	0.749275	0.892582	0.759745	0.259396	0.972226	0.75809	0.915871	0.899486	0.847988	0.974616	0.714347	0.402313	0.152664	0.518511	0.749093	0.0437185	0.856985	0.306178	0.64473	0.131323	0.22216	0.930819	0.912975	0.343148	0.0882177	0.267186	0.244919	0.57509
0.418758	0.126652	0.507386	0.742314	0.341572	0.410427	0.977841	0.785269	0.173628	0.210111	0.290026	0.0627613	0.41924	0.23627	0.889552	0.602841	0.361166	0.708703	0.474735	0.0395819	0.510375	0.436858	0.985498	0.283684	0.0734029	0.466333	0.166373	0.564233	0.347705	0.772988
0.423982	0.561424	0.785701	0.960752	0.921385	0.661739	0.320177	0.938976	0.774154	0.451226	0.48066	0.968811	0.123688	0.323743	0.662839	0.276478	0.20206	0.101488	0.338092	0.843399	0.362936	0.263444	0.547968	0.651116	0.518741	0.394165	0.19705	0.392912	0.757425	0.834399
0.431457	0.797399	0.873459	0.0431811	0.500279	0.973737	0.187276	0.280114	0.457235	0.472739	0.636062	0.704341	0.143477	0.588095	0.178556	0.843174	0.259236	0.198628	0.0372015	0.661707	0.397927	0.19454	0.973609	0.513793	0.848387	0.894984	0.619846	0.109994	0.279573	0.978598
0.43717	0.287093	0.195581	0.906536	0.0554286	0.766689	0.562693	0.176351	0.596872	0.378576	0.0996838	0.0197725	0.886734	0.745606	0.575859	0.69019	0.938326	0.07999	0.938433	0.917832	0.738144	0.851222	0.820145	0.957478	0.926116	0.509229	0.033855	0.770826	0.331894	0.989457
0.444211	0.418121	0.890007	0.200733	0.62204	0.157427	0.208251	0.182016	0.407319	0.891029	0.795961	0.540617	0.523227	0.575826	0.553046	0.285055	0.708229	0.320377	0.0715157	0.505763	0.824862	0.556458	0.424543	0.937756	0.775595	0.227338	0.637341	0.368266	0.968725	0.450945
0.453052	0.175328	0.605159	0.189675	0.207095	0.225219	0.355464	0.251551	0.703994	0.660014	0.160104	0.409974	0.976931	0.775815	0.706315	0.0715103	0.402489	0.13749	0.605614	0.366139	0.118358	0.61443	0.584059	0.994408	0.654653	0.823641	0.0170476	0.735851	0.644919	0.72127
0.455067	0.0476106	0.223163	0.434838	0.477748	0.534998	0.10217	0.601272	0.0528082	0.184924	0.0694644	0.765254	0.31078	0.999672	0.841279	0.232111	0.854195	0.856352	0.345405	0.733079	0.670511	0.0584131	0.152172	0.866893	0.186932	0.204313	0.802413	0.914882	0.815387	0.258853
0.465722	0.718077	0.75926	0.454505	0.870084	0.463855	0.608843	0.552369	0.813982	0.801801	0.815524	0.324984	0.600851	0.061836	0.459955	0.0349159	0.0280976	0.114633	0.515205	0.668366	0.874786	0.670161	0.907537	0.00796444	0.026563	0.270453	0.620098	0.115578	0.790059	0.516373
0.472745	0.111069	0.997432	0.270275	0.0398576	0.200217	0.00126258	0.0421416	0.060638	0.709262	0.0387825	0.659564	0.0130536	0.335202	0.747821	0.251217	0.980737	0.107171	0.110879	0.0782467	0.743105	0.098113	0.275953	0.951908	0.55322	0.657477	0.381782	0.603145	0.619291	0.126097
0.475071	0.986351	0.446786	0.350091	0.0810439	0.404436	0.468973	0.534727	0.262381	0.187427	0.82017	0.160003	0.326405	0.458351	0.672861	0.0895201	0.787341	0.743645	0.643723	0.64842	0.219497	0.934574	0.816804	0.313784	0.598723	0.347844	0.00876296	0.527045	0.339971	0.407294
0.482977	0.314739	0.0176678	0.980111	0.749807	0.941405	0.306468	0.0756888	0.943823	0.796032	0.588115	0.988324	0.517714	0.000397956	0.881322	0.805808	0.626819	0.454444	0.331509	0.811097	0.972626	0.885958	0.597953	0.576629	0.731404	0.700946	0.951425	0.894761	0.111669	0.270901
0.492179	0.584268	0.141993	0.680783	0.605069	0.426084	0.155926	0.401276	0.353223	0.937457	0.942574	0.235635	0.775101	0.632958	0.0342887	0.893662	0.949226	0.830302	0.619729	0.103971	0.918621	0.844058	0.56922	0.212186	0.980015	0.576095	0.785714	0.427002	0.101191	0.280937
0.495854	0.650835	0.918034	0.560562	0.73391	0.854773	0.280744	0.878403	0.2747	0.219571	0.737738	0.263624	0.080779	0.516836	0.659989	0.859267	0.667719	0.611473	0.526127	0.0283397	0.780042	0.12494	0.234824	0.326443	0.961118	0.143289	0.555625	0.400216	0.625431	0.642569
0.500992	0.00676485	0.946859	0.838521	0.719986	0.902628	0.294653	0.214319	0.429681	0.621285	0.553295	0.155475	0.9067	0.764285	0.282654	0.144265	0.588654	0.0604258	0.863548	0.0400484	0.293899	0.327251	0.926479	0.134791	0.089821	0.407121	0.303401	0.581103	0.841423	0.433453
0.507382	0.515503	0.347448	0.0336606	0.684724	0.0450271	0.851655	0.473129	0.55301	0.637783	0.00503174	0.669083	0.723093	0.158802	0.953478	0.255853	0.664285	0.157728	0.663719	0.773162	0.946784	0.536025	0.589201	0.0687208	0.155076	0.428182	0.648343	0.729245	0.676902	0.415216
0.513907	0.73828	0.970031	0.503759	0.556775	0.507695	0.489473	0.829927	0.891641	0.0728404	0.751854	0.581206	0.705287	0.380957	0.396541	0.920017	0.121674	0.772266	0.244356	0.143556	0.00425146	0.319492	0.0479577	0.201069	0.80392	0.936321	0.81656	0.125999	0.694659	0.852802
0.526047	0.196872	0.692167	0.829488	0.506707	0.194726	0.419248	0.125678	0.679204	0.901191	0.417885	0.128274	0.048529	0.983026	0.0177436	0.0156152	0.896757	0.665013	0.0496778	0.976467	0.543474	0.313151	0.162667	0.463797	0.33261	0.768182	0.429069	0.233832	0.723445	0.565841
0.531531	0.0588156	0.0122495	0.238304	0.587461	0.49024	0.616904	0.432469	0.295381	0.115639	0.775976	0.73451	0.489495	0.366485	0.248901	0.9465	0.393103	0.686081	0.405858	0.964494	0.707313	0.576403	0.788895	0.263096	0.682595	0.472577	0.11365	0.695956	0.692297	0.456904
0.536401	0.285368	0.659082	0.244033	0.514387	0.349231	0.805931	0.0146767	0.424415	0.745195	0.699075	0.691357	0.493655	0.303582	0.822954	0.652264	0.871712	0.366108	0.23973	0.780672	0.250653	0.62488	0.169721	0.747852	0.52024	0.00374402	0.886623	0.488709	0.360626	0.0587153
0.545141	0.327105	0.401234	0.0294592	0.538739	0.829955	0.630665	0.023483	0.0753961	0.00575843	0.182396	0.612707	0.205704	0.415879	0.914723	0.306053	0.439178	0.876092	0.356509	0.826741	0.852941	0.188761	0.382579	0.184078	0.998229	0.605588	0.267411	0.186631	0.868749	0.19508
0.549059	0.82273	0.171812	0.619476	0.578079	0.639394	0.980757	0.377711	0.98373	0.2589	0.529154	0.698789	0.369192	0.964212	0.933572	0.342577	0.876868	0.298092	0.0947577	0.9997	0.138268	0.453791	0.0936863	0.0294161	0.314085	0.158389	0.862129	0.250982	0.962099	0.295481
0.556838	0.370696	0.0528065	0.896386	0.9348	0.702975	0.112685	0.37257	0.489689	0.821417	0.118958	0.24003	0.331632	0.329098	0.929812	0.480178	0.778749	0.507023	0.32035	0.983821	0.939409	0.652107	0.719183	0.378166	0.000941934	0.519109	0.103454	0.177664	0.154017	0.136873
0.565702	0.0160049	0.127181	0.699372	0.905766	0.318024	0.953204	0.528955	0.0381525	0.543938	0.494849	0.838647	0.877637	0.420042	0.00344114	0.617741	0.754526	0.399338	0.784303	0.434111	0.402379	0.869431	0.638489	0.452978	0.704709	0.957778	0.403046	0.191985	0.564945	0.840502
0.56687	0.897247	0.92467	0.693242	0.369674	0.870717	0.642259	0.987433	0.797279	0.972989	0.895783	0.348954	0.247131	0.532868	0.293963	0.7436	0.323985	0.616137	0.27286	0.13661	0.633318	0.334948	0.116272	0.0514547	0.433724	0.922173	0.224091	0.474373	0.907599	0.669316
0.574673	0.215495	0.332241	0.507362	0.095813	0.127769	0.916429	0.975922	0.180765	0.839028	0.619428	0.605747	0.229	0.0875725	0.2192	0.765809	0.956266	0.355186	0.436218	0.47284	0.793714	0.138905	0.37341	0.709674	0.713392	0.595589	0.0754841	0.6186	0.466605	0.46071
0.580324	0.926811	0.387878	0.101442	0.841359	0.532481	0.601031	0.384244	0.781744	0.784181	0.957856	0.185351	0.119533	0.950398	0.105945	0.0311222	0.018432	0.591057	0.0598431	0.764289	0.590387	0.654507	0.870223	0.172192	0.151737	0.289855	0.456923	0.952318	0.747603	0.222651
0.592405	0.279479	0.0995375	0.762116	0.471418	0.932348	0.502226	0.108461	0.656852	0.504052	0.717591	0.462402	0.0997288	0.806986	0.503772	0.51107	0.78269	0.206663	0.994375	0.598389	0.378168	0.00912738	0.396625	0.761507	0.229453	0.587245	0.508261	0.930731	0.541238	0.890604
0.597399	0.105576	0.641989	0.527411	0.710017	0.820092	0.0204662	0.943363	0.267698	0.850261	0.961247	0.794794	0.00576888	0.173566	0.268289	0.543202	0.30639	0.452014	0.676711	0.298969	0.494324	0.326137	0.676709	0.75473	0.544738	0.18304	0.530233	0.808621	0.952037	0.795599
0.605224	0.859904	0.369195	0.579558	0.88666	0.713051	0.701637	0.134411	0.203817	0.984101	0.150074	0.49729	0.730819	0.852455	0.262967	0.56071	0.416702	0.637325	0.723551	0.96778	0.636266	0.910224	0.291046	0.415234	0.991641	0.080165	0.425363	0.719092	0.856434	0.649429
0.61049	0.0640152	0.609031	0.440498	0.13607	0.0390362	0.343276	0.268549	0.187278	0.235294	0.783001	0.965882	0.242553	0.343235	0.287166	0.00749252	0.346714	0.475481	0.219228	0.705635	0.725231	0.640555	0.829426	0.557793	0.0504691	0.489831	0.922473	0.642456	0.91707	0.766445
0.613535	0.459576	0.537277	0.923715	0.195751	0.434346	0.762348	0.810385	0.832337	0.106796	0.472901	0.846701	0.853235	0.54907	0.165314	0.318047	0.495592	0.0541009	0.830494	0.643902	0.0722145	0.551853	0.950265	0.402965	0.561625	0.503541	0.352415	0.983262	0.0452243	0.486346
0.622591	0.0304737	0.343169	0.0525198	0.410919	0.240849	0.784242	0.48032	0.583036	0.412533	0.839054	0.426463	0.462455	0.58121	0.182283	0.21924	0.096389	0.963744	0.472417	0.804902	0.371884	0.389473	0.88551	0.69405	0.177514	0.559619	0.444099	0.277684	0.945591	0.596996
0.630372	0.720735	0.82448	0.856192	0.781775	0.520528	0.637974	0.646606	0.822395	0.753711	0.422575	0.35356	0.738627	0.675722	0.241222	0.550612	0.833648	0.82088	0.682537	0.455878	0.225011	0.968769	0.284571	0.844299	0.501191	0.208236	0.39961	0.0825541	0.0780054	0.13107
0.639108	0.549189	0.904796	0.944552	0.100678	0.517606	0.126976	0.258904	0.921212	0.909455	0.364975	0.171433	0.575449	0.0118229	0.720839	0.962813	0.680206	0.341916	0.819145	0.659597	0.386119	0.519281	0.34991	0.013511	0.38753	0.0301226	0.478584	0.659389	0.457738	0.0487703
0.646494	0.0458597	0.684186	0.213745	0.787969	0.780534	0.261449	0.503879	0.93562	0.640034	0.889548	0.633929	0.437737	0.594005	0.528138	0.63065	0.586355	0.850974	0.80376	0.541605	0.777007	0.785032	0.606678	0.598163	0.555759	0.726011	0.660732	0.284479	0.395134	0.26077
0.651763	0.266408	0.577068	0.795718	0.365771	0.0305966	0.942124	0.00634144	0.738317	0.371515	0.881903	0.616009	0.217078	0.824961	0.363158	0.863963	0.770705	0.438353	0.00121262	0.178904	0.141345	0.0871864	0.391034	0.49735	0.897807	0.795539	0.297225	0.325036	0.216843	0.75594
0.658801	0.850539	0.263207	0.335974	0.977374	0.281788	0.875975	0.793901	0.326425	0.72298	0.553455	0.105606	0.297034	0.868964	0.924291	0.0537416	0.457439	0.672419	0.0305572	0.512495	0.844823	0.243656	0.312925	0.628321	0.414546	0.611149	0.591986	0.139513	0.422103	0.815815
0.666334	0.117762	0.59714	0.771448	0.153132	0.0032597	0.65094	0.145856	0.56464	0.928395	0.667061	0.027762	0.959441	0.206993	0.645698	0.530976	0.211511	0.98592	0.74132	0.205001	0.595422	0.8984	0.355551	0.700717	0.79901	0.670601	0.120413	0.44493	0.313032	0.422495
0.669332	0.620631	0.807241	0.00998704	0.593367	0.818315	0.362615	0.493896	0.333931	0.668083	0.110795	0.274492	0.64818	0.83769	0.97591	0.816032	0.568694	0.777315	0.398955	0.630546	0.338039	0.98424	0.813108	0.549791	0.582738	0.435062	0.254252	0.544884	0.417786	0.486764
0.67705	0.56841	0.461588	0.525321	0.192712	0.0707272	0.18504	0.458044	0.965964	0.591322	0.237529	0.232738	0.597222	0.656317	0.673503	0.645521	0.448594	0.886453	0.115945	0.313074	0.535185	0.864211	0.699205	0.395936	0.630121	0.833976	0.748036	0.539347	0.220547	0.164462
0.685667	0.989792	0.974459	0.55907	0.3137	0.298209	0.840159	0.00945562	0.610003	0.569633	0.652845	0.211703	0.527013	0.600678	0.134272	0.812035	0.284332	0.55546	0.65405	0.0571383	0.48942	0.280655	0.668525	0.545618	0.667639	0.942722	0.874885	0.455682	0.177698	0.922318
0.691999	0.917729	0.886447	0.32672	0.887069	0.235929	0.546988	0.233478	0.742485	0.656922	0.0844209	0.406595	0.035003	0.665081	0.950899	0.635865	0.326953	0.535008	0.7367	0.489272	0.516633	0.63126	0.415035	0.0062055	0.969896	0.572373	0.871564	0.0697426	0.853044	0.881264
0.697807	0.908289	0.0330502	0.971753	0.448688	0.21033	0.716249	0.770231	0.534782	0.675094	0.0867946	0.791303	0.763855	0.622879	0.276027	0.410068	0.999084	0.790924	0.416171	0.874041	0.930053	0.777551	0.617239	0.620989	0.125946	0.377793	0.130057	0.847145	0.670257	0.072897
0.701327	0.377415	0.190356	0.196879	0.839812	0.693575	0.330013	0.624442	0.38034	0.228206	0.569747	0.0955847	0.584954	0.294341	0.158077	0.568168	0.368374	0.738462	0.427831	0.49338	0.1975	0.495675	0.212693	0.797196	0.588379	0.807765	0.15877	0.837739	0.993165	0.718677
0.70758	0.0681545	0.257851	0.266527	0.203933	0.621671	0.3698	0.333912	0.330197	0.15463	0.947651	0.283402	0.339329	0.488306	0.687999	0.369211	0.795073	0.310839	0.903749	0.86339	0.290498	0.47693	0.0223444	0.0453803	0.0166553	0.909327	0.709143	0.843124	0.502187	0.521175
0.718209	0.678058	0.206996	0.185642	0.607342	0.322838	0.684756	0.543572	0.726503	0.393611	0.2097	0.589346	0.149259	0.441885	0.649503	0.524113	0.827253	0.805469	0.305418	0.207104	0.406747	0.343369	0.836991	0.216619	0.842383	0.0350097	0.793932	0.0447523	0.372843	0.38617
0.725797	0.778813	0.174598	0.730943	0.456258	0.430059	0.835552	0.587238	0.47575	0.458549	0.13545	0.204797	0.617078	0.464521	0.807555	0.621247	0.642006	0.097154	0.367628	0.396708	0.560865	0.713542	0.745291	0.820821	0.953525	0.328103	0.567294	0.526547	0.385747	0.935288
0.729371	0.0386352	0.485725	0.141824	0.614679	0.368911	0.539944	0.80292	0.847191	0.356242	0.0606913	0.0765942	0.458706	0.04134	0.968311	0.432331	0.166385	0.845851	0.652674	0.554751	0.789286	0.530172	0.732429	0.338482	0.348958	0.38839	0.20882	0.482749	0.24905	0.781422
0.736305	0.577613	0.0795204	0.256853	0.178469	0.560104	0.755109	0.791509	0.640358	0.307412	0.91959	0.818492	0.266393	0.522272	0.943234	0.269179	0.00167696	0.627291	0.666906	0.0257613	0.45284	0.99693	0.649315	0.616731	0.234274	0.353919	0.522942	0.572192	0.685252	0.0772048
0.74133	0.844043	0.21538	0.911871	0.727772	0.0971427	0.885047	0.070525	0.481754	0.832816	0.789695	0.385939	0.621758	0.0698001	0.198233	0.50288	0.46161	0.035423	0.895547	0.42781	0.103454	0.732447	0.199005	0.636574	0.133996	0.715402	0.827898	0.961351	0.863474	0.792569
0.749072	0.520828	0.277218	0.384989	0.0179152	0.0153198	0.668857	0.16596	0.39715	0.0345086	0.995392	0.458451	0.708134	0.900347	0.0464566	0.537089	0.826118	0.402133	0.840763	0.449492	0.05054	0.180576	0.914423	0.563394	0.171203	0.0875481	0.248185	0.513075	0.303269	0.202545
0.755616	0.833008	0.456275	0.479941	0.855278	0.74915	0.389833	0.42598	0.197022	0.791393	0.298067	0.340361	0.221289	0.466984	0.850845	0.109385	0.192411	0.170612	0.0845871	0.385478	0.812681	0.00270085	0.0611845	0.811717	0.299775	0.814402	0.675262	0.163701	0.717535	0.736568
0.766219	0.881308	0.85669	0.303574	0.126646	0.879532	0.311708	0.0663135	0.866884	0.960438	0.254024	0.470151	0.592595	0.143158	0.584579	0.657047	0.0850267	0.2267	0.130601	0.910001	0.677127	0.0359419	0.427595	0.257399	0.363953	0.7929	0.0592012	0.213924	0.772665	0.106828
0.76911	0.398214	0.500661	0.176456	0.231729	0.289401	0.395935	0.84148	0.763687	0.0293108	0.708417	0.566893	0.865603	0.0291305	0.306535	0.555536	0.183611	0.181819	0.155279	0.240349	0.576739	0.357136	0.796398	0.84728	0.384593	0.225833	0.482321	0.0351392	0.823311	0.981504
0.776267	0.817708	0.67182	0.514568	0.692909	0.841105	0.477174	0.106379	0.660116	0.870354	0.982058	0.418153	0.019835	0.313218	0.108792	0.709411	0.693363	0.27843	0.763284	0.0699838	0.0838607	0.0779195	0.931264	0.691021	0.0606822	0.640668	0.717968	0.514487	0.537712	0.19036
0.786191	0.349841	0.833533	0.607733	0.701002	0.452492	0.139891	0.958264	0.341072	0.766363	0.34526	0.906057	0.786405	0.563419	0.879088	0.0980903	0.271904	0.148704	0.536817	0.823974	0.418882	0.168685	0.993854	0.896845	0.484169	0.525914	0.929778	0.376	0.345196	0.429233
0.791962	0.335026	0.797037	0.666326	0.0416343	0.74225	0.559572	0.920623	0.0882608	0.173584	0.706324	0.748663	0.198037	0.772719	0.207074	0.191729	0.333484	0.209417	0.776352	0.446136	0.616117	0.8126	0.468578	0.0750422	0.756816	0.261117	0.316494	0.958317	0.785361	0.555054
0.799368	0.447161	0.581735	0.57241	0.981598	0.339242	0.740634	0.665998	0.89689	0.122442	0.174516	0.143943	0.842938	0.792674	0.51017	0.126828	0.849528	0.214278	0.500886	0.955963	0.240703	0.0271206	0.486944	0.456394	0.0571264	0.584109	0.765287	0.412958	0.322307	0.631179
0.804581	0.78572	0.650891	0.633698	0.320182	0.690303	0.334125	0.766501	0.593177	0.547979	0.81099	0.109461	0.758044	0.347653	0.897051	0.207496	0.596707	0.871446	0.0142438	0.392711	0.505976	0.794743	0.36853	0.266859	0.664978	0.693694	0.658586	0.0570595	0.631205	0.950534
0.8119	0.746465	0.712626	0.00456717	0.673275	0.719736	0.277824	0.701803	0.451404	0.0415417	0.191208	0.531366	0.285328	0.270024	0.522241	0.179428	0.429793	0.595518	0.591102	0.121483	0.524299	0.978108	0.843694	0.657397	0.357051	0.752186	0.612381	0.29471	0.0614594	0.325274
0.813473	0.860693	0.43406	0.994642	0.656089	0.502456	0.222468	0.476788	0.2473	0.70049	0.830754	0.732885	0.898079	0.618273	0.49679	0.156044	0.55955	0.482778	0.19563	0.0516697	0.173797	0.460602	0.705355	0.527233	0.736033	0.177487	0.954843	0.875583	0.28932	0.831046
0.825909	0.761599	0.573056	0.0175697	0.0788684	0.00713085	0.00694565	0.580274	0.954287	0.169626	0.573761	0.514628	0.355288	0.890424	0.436413	0.00319629	0.901099	0.238359	0.485415	0.187667	0.86816	0.291167	0.49967	0.303939	0.828235	0.628164	0.519017	0.912608	0.808034	0.312967
0.828515	0.427595	0.760553	0.816445	0.814639	0.969242	0.449994	0.228918	0.317587	0.44362	0.383559	0.939366	0.361835	0.756267	0.908695	0.114728	0.890051	0.31957	0.63788	0.991539	0.828241	0.752272	0.0574977	0.785076	0.203939	0.413908	0.75796	0.817908	0.373714	0.466733
0.837383	0.792657	0.912069	0.401584	0.797911	0.764695	0.380846	0.668867	0.688813	0.555409	0.282471	0.0217554	0.947954	0.1123	0.0211363	0.77808	0.445527	0.95489	0.985832	0.817103	0.76868	0.0246879	0.0813987	0.358007	0.336926	0.312192	0.0623349	0.0797819	0.469329	0.503103
0.841987	0.599567	0.165641	0.87364	0.347287	0.567809	0.214284	0.0329176	0.531024	0.0941907	0.102074	0.0503068	0.235419	0.936535	0.906252	0.325347	0.96591	0.547412	0.46447	0.748806	0.455252	0.943381	0.935117	0.669925	0.528612	0.333861	0.408983	0.788982	0.164619	0.733189
0.848665	0.4064	0.30443	0.430357	0.962827	0.886593	0.0928302	0.154454	0.649078	0.753303	0.680163	0.980942	0.78672	0.734964	0.353365	0.384981	0.194634	0.425098	0.754477	0.606197	0.817543	0.213901	0.709139	0.771496	0.105455	0.734881	0.79195	0.293238	0.980339	0.116803
0.854373	0.478822	0.728981	0.163921	0.429166	0.0648396	0.200654	0.564206	0.236054	0.886169	0.927064	0.313403	0.268199	0.163797	0.368715	0.770751	0.741142	0.53224	0.559623	0.180909	0.0437376	0.410137	0.691997	0.53923	0.446401	0.711906	0.916974	0.634686	0.547208	0.214894
0.861559	0.838169	0.550017	0.650658	0.993943	0.835483	0.540833	0.241914	0.360861	0.139653	0.526447	0.948336	0.818178	0.228216	0.061105	0.698731	0.484296	0.251344	0.88047	0.758596	0.625069	0.367414	0.784051	0.717372	0.477385	0.483752	0.912506	0.261953	0.510598	0.234376
0.866867	0.952894	0.991458	0.226715	0.0266983	0.574278	0.675962	0.322253	0.571388	0.609488	0.860154	0.301033	0.688178	0.712324	0.480077	0.473427	0.607369	0.583022	0.789492	0.79672	0.71768	0.692819	0.629588	0.972626	0.940101	0.869045	0.0935456	0.934333	0.933533	0.58778
0.876013	0.0802419	0.741706	0.116151	0.301415	0.652111	0.932531	0.88176	0.927258	0.337661	0.278799	0.653269	0.28811	0.910806	0.44954	0.435194	0.914094	0.920988	0.347264	0.870852	0.348879	0.431649	0.897775	0.738018	0.626296	0.0245746	0.627545	0.211573	0.1283	0.152015
0.881213	0.959981	0.108729	0.0588968	0.337887	0.735052	0.253063	0.0849866	0.253768	0.776705	0.265517	0.294318	0.0560704	0.388761	0.389557	0.954498	0.319621	0.546114	0.565072	0.00262991	0.862637	0.363105	0.441681	0.523575	0.835307	0.878784	0.204557	0.991609	0.592315	0.292358
0.887342	0.503072	0.120748	0.294752	0.239002	0.271619	0.999372	0.903668	0.713036	0.33306	0.48863	0.397666	0.638491	0.702437	0.772266	0.0449643	0.278558	0.0249017	0.749054	0.0982915	0.854867	0.227564	0.462288	0.420558	0.309172	0.918877	0.641175	0.310319	0.316582	0.740958
0.899323	0.363025	0.47329	0.953763	0.265802	0.806071	0.752408	0.65433	0.417454	0.26344	0.438158	0.59741	0.106967	0.0840007	0.259141	0.791262	0.220428	0.524573	0.0779735	0.0135265	0.423073	0.273034	0.40759	0.153761	0.459337	0.528861	0.702051	0.329769	0.170285	0.00473378
0.905698	0.1558	0.626165	0.883909	0.394888	0.0541726	0.420632	0.778428	0.521752	0.346483	0.770916	0.17673	0.0927698	0.275183	0.12742	0.784594	0.618518	0.0805377	0.979162	0.943785	0.331101	0.802726	0.180522	0.4327	0.952077	0.76343	0.972564	0.499625	0.135881	0.0995101
0.907676	0.666234	0.234626	0.307998	0.0488584	0.997807	0.51247	0.869564	0.990857	0.419377	0.741509	0.664044	0.167289	0.379206	0.423068	0.992402	0.506724	0.38576	0.710253	0.886938	0.184405	0.754987	0.540794	0.582589	0.709695	0.960176	0.738121	0.154857	0.74191	0.696858
0.914127	0.935637	0.819377	0.0779517	0.769692	0.79093	0.937532	0.568886	0.108716	0.51859	0.939892	0.427273	0.662931	0.694422	0.589442	0.245363	0.149899	0.564708	0.932725	0.127967	0.128817	0.95828	0.660701	0.385824	0.193761	0.784045	0.683182	0.973675	0.0286556	0.0141106
0.925135	0.493605	0.801396	0.376744	0.0709007	0.614366	0.351978	0.31397	0.00762741	0.429083	0.124072	0.122211	0.50884	0.958228	0.488652	0.333861	0.118468	0.331108	0.457744	0.566041	0.961883	0.0164622	0.475509	0.193492	0.14424	0.0640472	0.774841	0.232027	0.701387	0.536453
0.932071	0.508857	0.827715	0.0614936	0.284857	0.585591	0.199873	0.907436	0.694238	0.856315	0.199557	0.708432	0.82083	0.393782	0.30729	0.588483	0.67547	0.947946	0.365204	0.718383	0.273145	0.0676886	0.153643	0.0849661	0.890304	0.980407	0.584874	0.831058	0.880795	0.228055
0.937282	0.230845	0.245086	0.552786	0.851903	0.33266	0.786724	0.576708	0.0809443	0.253002	0.870001	0.287539	0.155592	0.844374	0.332073	0.498775	0.88019	0.465836	0.509194	0.0664915	0.836047	0.638622	0.75491	0.31299	0.280366	0.0684378	0.767787	0.317711	0.532858	0.688807
0.940977	0.644067	0.660743	0.426522	0.877013	0.926559	0.960466	0.969456	0.803514	0.959146	0.610664	0.682748	0.472337	0.786047	0.682691	0.297527	0.865197	0.0513777	0.699613	0.547937	0.0185513	0.820833	0.771827	0.51073	0.0132324	0.0120268	0.23106	0.0628502	0.231452	0.605129
0.950019	0.0975395	0.228442	0.158751	0.42574	0.989888	0.710157	0.715948	0.834303	0.391558	0.369948	0.825075	0.164202	0.24771	0.779961	0.0817818	0.0477443	0.0866967	0.0068019	0.41367	0.760589	0.204514	0.967542	0.0908847	0.784018	0.125791	0.134203	0.667797	0.412648	0.185842
0.954024	0.480701	0.629817	0.252214	0.31045	0.171761	0.572321	0.310655	0.118388	0.997729	0.802253	0.194445	0.404241	0.89935	0.0763446	0.365715	0.145728	0.376786	0.426611	0.572489	0.263663	0.483004	0.268086	0.278842	0.108597	0.662419	0.308115	0.222547	0.024098	0.86892
0.963827	0.670816	0.562116	0.872196	0.168323	0.455297	0.255786	0.351287	0.880199	0.695314	0.581503	0.740202	0.558198	0.50012	0.0812334	0.123693	0.714789	0.718794	0.796974	0.720902	0.8888	0.17991	0.959742	0.408646	0.600774	0.0741669	0.29258	0.173148	0.876557	0.902028
0.971102	0.771986	0.0803729	0.587887	0.916549	0.496101	0.168385	0.187257	0.787233	0.769484	0.217835	0.894725	0.305226	0.915563	0.00934362	0.665249	0.167754	0.129848	0.972785	0.353021	0.27779	0.382158	0.251448	0.152697	0.287493	0.801644	0.325425	0.33713	0.435778	0.540731
0.976552	0.998022	0.528085	0.86601	0.444288	0.812371	0.483851	0.224429	0.156738	0.492208	0.200458	0.778785	0.920178	0.215685	0.729189	0.884113	0.732638	0.993643	0.838773	0.247116	0.902465	0.600324	0.190283	0.438127	0.638187	0.884843	0.726157	0.204393	0.595126	0.021777
0.984938	0.439943	0.864702	0.754434	0.96777	0.125068	0.524267	0.452779	0.604065	0.0122916	0.144385	0.923466	0.0740663	0.225001	0.352793	0.173182	0.344532	0.469529	0.278666	0.694521	0.389153	0.142768	0.53476	0.349249	0.771423	0.617992	0.82569	0.800364	0.0107718	0.876305
0.990796	0.94079	0.290684	0.848412	0.383685	0.98351	0.867383	0.0966417	0.400778	0.361628	0.157329	0.575782	0.832104	0.0939586	0.513772	0.0633386	0.550479	0.641713	0.0913796	0.328716	0.65408	0.254365	0.903818	0.960528	0.698827	0.989932	0.35769	0.340291	0.612148	0.659365
0.998871	0.464277	0.496155	0.419657	0.627762	0.399121	0.576026	0.597646	0.900554	0.531556	0.23051	0.940163	0.609727	0.354675	0.384437	0.735425	0.243097	0.906494	0.231359	0.37908	0.485255	0.224842	0.623685	0.165814	0.25521	0.258484	0.550137	0.152382	0.64798	0.585308
