86.3357
82.3746
85.2334
84.8329
85.2393
84.3325
86.2312
83.8386
84.9879
86.4332
85.0677
85.3879
85.2703
84.9442
85.797
83.8685
86.6493
84.9566
84.8119
85.2172
86.0835
84.2863
85.6321
83.9428
86.4437
85.4996
85.5885
85.509
84.688
83.507
84.2546
85.1351
85.4193
86.1083
85.63
85.7781
84.6366
85.5111
84.3926
85.1649
83.3684
86.6227
85.8306
86.1121
85.5678
86.0959
85.6139
85.2006
84.4782
81.3604
85.5074
80.3612
86.9298
84.2279
85.1467
85.3648
85.5716
86.6979
84.8482
82.9548
86.1217
86.8364
84.3492
84.4844
85.3484
86.9197
85.5944
84.6312
86.7391
84.5883
86.0309
84.7594
87.1324
86.4472
86.2067
86.4053
84.5625
86.2824
85.1437
84.672
85.3439
84.3788
86.0377
85.7223
84.6852
84.6449
86.2023
85.379
85.0679
86.4573
85.8079
84.7855
85.3869
84.2488
85.5482
84.9929
85.9641
83.0238
85.2108
84.5521
85.895
84.8975
86.2559
86.1308
86.2842
83.3837
84.122
83.7098
85.5179
83.5604
86.0717
85.5038
83.279
75.5527
85.9812
86.2689
85.7547
82.1721
85.3002
85.4629
84.9458
84.2886
86.4539
85.7378
85.9834
86.5564
84.4562
85.7748
84.6956
83.986
86.5913
85.1576
79.5155
85.1379
84.1864
85.9529
86.544
86.8897
84.5973
85.516
85.901
86.6571
84.5234
85.1366
86.6246
85.0973
85.7858
85.2064
85.6528
86.2325
